# Angle (deg), Power (dBm)
-88 -18.4156484
0 -14.9403887
60 -20.793232
63 -20.8191317
66 -20.8332908
69 -20.8416994
72 -20.8458344
75 -20.8523748
78 -20.8593963
81 -20.8619956
84 -20.8638586
87 -20.8658522
90 -20.8670399
93 -20.867674
96 -20.8688991
99 -20.8663964
102 -20.8653372
105 -20.8636594
108 -20.8614002
111 -20.8573441
114 -20.8528067
117 -20.8472652
120 -20.8412822
123 -20.8352741
126 -20.8267816
129 -20.8178598
132 -20.806075
135 -20.7929082
138 -20.7777282
141 -20.760583
144 -20.7412379
147 -20.714382
150 -20.6819637
153 -20.6385333
156 -20.5828948
159 -20.5058761
162 -20.3956995
165 -20.2325013
168 -19.9880044
171 -19.5520326
174 -18.7824072
177 -17.8275172
0 -14.9367587
-88 -18.4071973
