# Angle (deg), Power (dBm)
-15.0 -23.1903275
40.0 -20.407428
90.0 -24.9462179
91.0 -24.9481505
92.0 -24.9491637
93.0 -24.9506012
94.0 -24.950534
95.0 -24.9522305
96.0 -24.9518943
97.0 -24.9532137
98.0 -24.9533327
99.0 -24.9529291
100.0 -24.9555274
101.0 -24.9537053
102.0 -24.9550511
103.0 -24.956009
104.0 -24.9550666
105.0 -24.9565578
106.0 -24.9561695
107.0 -24.9528774
108.0 -24.9541194
109.0 -24.9549682
110.0 -24.9522616
111.0 -24.9528411
112.0 -24.9510149
113.0 -24.9483728
114.0 -24.9499858
115.0 -24.9473443
116.0 -24.9475561
117.0 -24.9467395
118.0 -24.9460679
119.0 -24.9446165
120.0 -24.9418492
121.0 -24.9407035
122.0 -24.9407913
123.0 -24.9394549
124.0 -24.9353859
125.0 -24.9349049
126.0 -24.9304289
127.0 -24.9287252
128.0 -24.9240295
129.0 -24.919421
130.0 -24.9159973
131.0 -24.9133146
132.0 -24.9128992
133.0 -24.9083742
134.0 -24.903946
135.0 -24.9013066
136.0 -24.8976213
137.0 -24.8898209
138.0 -24.886043
139.0 -24.8774191
140.0 -24.8723005
141.0 -24.8636884
142.0 -24.8552858
143.0 -24.8457832
144.0 -24.8334106
145.0 -24.8191409
146.0 -24.8015679
147.0 -24.780911
148.0 -24.7507188
149.0 -24.7076126
150.0 -24.6551242
151.0 -24.5871063
152.0 -24.5076435
153.0 -24.4115453
154.0 -24.3031978
155.0 -24.1858595
156.0 -24.0751757
157.0 -23.960788
158.0 -23.8622559
159.0 -23.7762341
160.0 -23.7089684
161.0 -23.6761282
162.0 -23.6589232
163.0 -23.6657993
164.0 -23.6891904
165.0 -23.7283793
166.0 -23.7812826
167.0 -23.8148928
168.0 -23.8280253
169.0 -23.8222422
170.0 -23.7865671
171.0 -23.709583
172.0 -23.598412
173.0 -23.4565786
174.0 -23.2834121
175.0 -23.0876372
176.0 -22.8795591
177.0 -22.6719076
178.0 -22.4608963
179.0 -22.2601046
